x,y
0,4
0.1,4.14056
0.2,4.2761
0.3,4.4071
0.4,4.53397
0.5,4.65705
0.6,4.77663
0.7,4.89298
0.8,5.00632
0.9,5.11686
1,5.22477
1.1,5.33022
1.2,5.43334
1.3,5.53426
1.4,5.63311
1.5,5.72999
1.6,5.825
1.7,5.91822
1.8,6.00973
1.9,6.09962
2,6.18796
2.1,6.2748
2.2,6.3602
2.3,6.44423
2.4,6.52693
2.5,6.60836
2.6,6.68855
2.7,6.76755
2.8,6.8454
2.9,6.92214
3,6.9978
3.1,7.07242
3.2,7.14602
3.3,7.21864
3.4,7.29031
3.5,7.36105
3.6,7.43089
3.7,7.49985
3.8,7.56795
3.9,7.63522
4,7.70168
4.1,7.76735
4.2,7.83224
4.3,7.89638
4.4,7.95978
4.5,8.02246
4.6,8.08444
4.7,8.14572
4.8,8.20633
4.9,8.26628
5,8.32558
5.1,8.38425
5.2,8.4423
5.3,8.49974
5.4,8.55658
5.5,8.61283
5.6,8.66851
5.7,8.72363
5.8,8.77819
5.9,8.83221
6,8.88569
6.1,8.93865
6.2,8.99109
6.3,9.04302
6.4,9.09445
6.5,9.14539
6.6,9.19585
6.7,9.24583
6.8,9.29534
6.9,9.34439
7,9.39299
7.1,9.44114
7.2,9.48885
7.3,9.53612
7.4,9.58297
7.5,9.62939
7.6,9.6754
7.7,9.721
7.8,9.7662
7.9,9.81099
8,9.8554
8.1,9.89941
8.2,9.94305
8.3,9.9863
8.4,10.0292
8.5,10.0717
8.6,10.1138
8.7,10.1556
8.8,10.1971
8.9,10.2382
9,10.2789
9.1,10.3193
9.2,10.3594
9.3,10.3991
9.4,10.4385
9.5,10.4776
9.6,10.5163
9.7,10.5548
9.8,10.5929
9.9,10.6307
10,10.6682
10.1,10.7054
10.2,10.7423
10.3,10.7789
10.4,10.8152
10.5,10.8512
10.6,10.887
10.7,10.9224
10.8,10.9576
10.9,10.9924
11,11.0271
11.1,11.0614
11.2,11.0955
11.3,11.1293
11.4,11.1628
11.5,11.1961
11.6,11.2291
11.7,11.2618
11.8,11.2943
11.9,11.3266
12,11.3586
12.1,11.3904
12.2,11.4219
12.3,11.4531
12.4,11.4842
12.5,11.515
12.6,11.5455
12.7,11.5759
12.8,11.606
12.9,11.6358
13,11.6655
13.1,11.6949
13.2,11.7241
13.3,11.7531
13.4,11.7818
13.5,11.8104
13.6,11.8387
13.7,11.8668
13.8,11.8947
13.9,11.9224
14,11.9499
14.1,11.9772
14.2,12.0043
14.3,12.0311
14.4,12.0578
14.5,12.0843
14.6,12.1106
14.7,12.1367
14.8,12.1626
14.9,12.1883
15,12.2138
15.1,12.2392
15.2,12.2643
15.3,12.2893
15.4,12.3141
15.5,12.3387
15.6,12.3631
15.7,12.3873
15.8,12.4114
15.9,12.4353
16,12.459
16.1,12.4826
16.2,12.5059
16.3,12.5291
16.4,12.5522
16.5,12.575
16.6,12.5977
16.7,12.6203
16.8,12.6427
16.9,12.6649
17,12.6869
17.1,12.7088
17.2,12.7306
17.3,12.7522
17.4,12.7736
17.5,12.7949
17.6,12.816
17.7,12.837
17.8,12.8578
17.9,12.8784
18,12.899
18.1,12.9193
18.2,12.9396
18.3,12.9597
18.4,12.9796
18.5,12.9994
18.6,13.0191
18.7,13.0386
18.8,13.058
18.9,13.0772
19,13.0963
19.1,13.1153
19.2,13.1341
19.3,13.1528
19.4,13.1714
19.5,13.1898
19.6,13.2082
19.7,13.2263
19.8,13.2444
19.9,13.2623
20,13.2801
20.1,13.2978
20.2,13.3153
20.3,13.3327
20.4,13.35
20.5,13.3672
20.6,13.3843
20.7,13.4012
20.8,13.418
20.9,13.4347
21,13.4513
21.1,13.4678
21.2,13.4841
21.3,13.5004
21.4,13.5165
21.5,13.5325
21.6,13.5484
21.7,13.5642
21.8,13.5798
21.9,13.5954
22,13.6109
22.1,13.6262
22.2,13.6414
22.3,13.6566
22.4,13.6716
22.5,13.6865
22.6,13.7013
22.7,13.716
22.8,13.7307
22.9,13.7452
23,13.7596
23.1,13.7739
23.2,13.7881
23.3,13.8022
23.4,13.8162
23.5,13.8301
23.6,13.8439
23.7,13.8577
23.8,13.8713
23.9,13.8848
24,13.8982
24.1,13.9116
24.2,13.9248
24.3,13.938
24.4,13.9511
24.5,13.964
24.6,13.9769
24.7,13.9897
24.8,14.0024
24.9,14.015
25,14.0276
25.1,14.04
25.2,14.0524
25.3,14.0646
25.4,14.0768
25.5,14.0889
25.6,14.1009
25.7,14.1129
25.8,14.1247
25.9,14.1365
26,14.1482
26.1,14.1598
26.2,14.1713
26.3,14.1828
26.4,14.1941
26.5,14.2054
26.6,14.2166
26.7,14.2278
26.8,14.2388
26.9,14.2498
27,14.2607
27.1,14.2715
27.2,14.2823
27.3,14.293
27.4,14.3036
27.5,14.3141
27.6,14.3246
27.7,14.335
27.8,14.3453
27.9,14.3555
28,14.3657
28.1,14.3758
28.2,14.3858
28.3,14.3958
28.4,14.4057
28.5,14.4155
28.6,14.4253
28.7,14.435
28.8,14.4446
28.9,14.4542
29,14.4636
29.1,14.4731
29.2,14.4824
29.3,14.4917
29.4,14.501
29.5,14.5101
29.6,14.5193
29.7,14.5283
29.8,14.5373
29.9,14.5462
30,14.5551
30.1,14.5639
30.2,14.5726
30.3,14.5813
30.4,14.5899
30.5,14.5985
30.6,14.607
30.7,14.6154
30.8,14.6238
30.9,14.6321
31,14.6404
31.1,14.6486
31.2,14.6567
31.3,14.6648
31.4,14.6729
31.5,14.6809
31.6,14.6888
31.7,14.6967
31.8,14.7045
31.9,14.7123
32,14.72
32.1,14.7277
32.2,14.7353
32.3,14.7428
32.4,14.7503
32.5,14.7578
32.6,14.7652
32.7,14.7726
32.8,14.7799
32.9,14.7871
33,14.7943
33.1,14.8015
33.2,14.8086
33.3,14.8156
33.4,14.8226
33.5,14.8296
33.6,14.8365
33.7,14.8434
33.8,14.8502
33.9,14.857
34,14.8637
34.1,14.8704
34.2,14.877
34.3,14.8836
34.4,14.8901
34.5,14.8966
34.6,14.9031
34.7,14.9095
34.8,14.9159
34.9,14.9222
35,14.9284
35.1,14.9347
35.2,14.9409
35.3,14.947
35.4,14.9531
35.5,14.9592
35.6,14.9652
35.7,14.9712
35.8,14.9771
35.9,14.983
36,14.9889
36.1,14.9947
36.2,15.0005
36.3,15.0062
36.4,15.0119
36.5,15.0176
36.6,15.0232
36.7,15.0288
36.8,15.0344
36.9,15.0399
37,15.0453
37.1,15.0508
37.2,15.0562
37.3,15.0615
37.4,15.0668
37.5,15.0721
37.6,15.0774
37.7,15.0826
37.8,15.0878
37.9,15.0929
38,15.098
38.1,15.1031
38.2,15.1081
38.3,15.1131
38.4,15.1181
38.5,15.123
38.6,15.1279
38.7,15.1328
38.8,15.1376
38.9,15.1424
39,15.1472
39.1,15.1519
39.2,15.1566
39.3,15.1613
39.4,15.1659
39.5,15.1706
39.6,15.1751
39.7,15.1797
39.8,15.1842
39.9,15.1887
40,15.1931
40.1,15.1975
40.2,15.2019
40.3,15.2063
40.4,15.2106
40.5,15.2149
40.6,15.2192
40.7,15.2234
40.8,15.2277
40.9,15.2318
41,15.236
41.1,15.2401
41.2,15.2442
41.3,15.2483
41.4,15.2523
41.5,15.2563
41.6,15.2603
41.7,15.2643
41.8,15.2682
41.9,15.2721
42,15.276
42.1,15.2799
42.2,15.2837
42.3,15.2875
42.4,15.2913
42.5,15.295
42.6,15.2987
42.7,15.3024
42.8,15.3061
42.9,15.3098
43,15.3134
43.1,15.317
43.2,15.3206
43.3,15.3241
43.4,15.3276
43.5,15.3311
43.6,15.3346
43.7,15.3381
43.8,15.3415
43.9,15.3449
44,15.3483
44.1,15.3516
44.2,15.355
44.3,15.3583
44.4,15.3616
44.5,15.3648
44.6,15.3681
44.7,15.3713
44.8,15.3745
44.9,15.3777
45,15.3809
45.1,15.384
45.2,15.3871
45.3,15.3902
45.4,15.3933
45.5,15.3963
45.6,15.3994
45.7,15.4024
45.8,15.4054
45.9,15.4083
46,15.4113
46.1,15.4142
46.2,15.4171
46.3,15.42
46.4,15.4229
46.5,15.4257
46.6,15.4285
46.7,15.4314
46.8,15.4341
46.9,15.4369
47,15.4397
47.1,15.4424
47.2,15.4451
47.3,15.4478
47.4,15.4505
47.5,15.4532
47.6,15.4558
47.7,15.4584
47.8,15.461
47.9,15.4636
48,15.4662
48.1,15.4687
48.2,15.4713
48.3,15.4738
48.4,15.4763
48.5,15.4788
48.6,15.4812
48.7,15.4837
48.8,15.4861
48.9,15.4885
49,15.4909
49.1,15.4933
49.2,15.4957
49.3,15.4981
49.4,15.5004
49.5,15.5027
49.6,15.505
49.7,15.5073
49.8,15.5096
49.9,15.5118
50,15.5141
50.1,15.5163
50.2,15.5185
50.3,15.5207
50.4,15.5229
50.5,15.525
50.6,15.5272
50.7,15.5293
50.8,15.5315
50.9,15.5336
51,15.5356
51.1,15.5377
51.2,15.5398
51.3,15.5418
51.4,15.5439
51.5,15.5459
51.6,15.5479
51.7,15.5499
51.8,15.5519
51.9,15.5538
52,15.5558
52.1,15.5577
52.2,15.5597
52.3,15.5616
52.4,15.5635
52.5,15.5654
52.6,15.5672
52.7,15.5691
52.8,15.571
52.9,15.5728
53,15.5746
53.1,15.5764
53.2,15.5782
53.3,15.58
53.4,15.5818
53.5,15.5836
53.6,15.5853
53.7,15.587
53.8,15.5888
53.9,15.5905
54,15.5922
54.1,15.5939
54.2,15.5956
54.3,15.5972
54.4,15.5989
54.5,15.6005
54.6,15.6022
54.7,15.6038
54.8,15.6054
54.9,15.607
55,15.6086
55.1,15.6102
55.2,15.6117
55.3,15.6133
55.4,15.6149
55.5,15.6164
55.6,15.6179
55.7,15.6194
55.8,15.6209
55.9,15.6224
56,15.6239
56.1,15.6254
56.2,15.6269
56.3,15.6283
56.4,15.6298
56.5,15.6312
56.6,15.6326
56.7,15.634
56.8,15.6354
56.9,15.6368
57,15.6382
57.1,15.6396
57.2,15.641
57.3,15.6423
57.4,15.6437
57.5,15.645
57.6,15.6463
57.7,15.6477
57.8,15.649
57.9,15.6503
58,15.6516
58.1,15.6529
58.2,15.6541
58.3,15.6554
58.4,15.6567
58.5,15.6579
58.6,15.6592
58.7,15.6604
58.8,15.6616
58.9,15.6628
59,15.664
59.1,15.6652
59.2,15.6664
59.3,15.6676
59.4,15.6688
59.5,15.67
59.6,15.6711
59.7,15.6723
59.8,15.6734
59.9,15.6746
60,15.6757
60.1,15.6768
60.2,15.6779
60.3,15.679
60.4,15.6801
60.5,15.6812
60.6,15.6823
60.7,15.6834
60.8,15.6844
60.9,15.6855
61,15.6866
61.1,15.6876
61.2,15.6886
61.3,15.6897
61.4,15.6907
61.5,15.6917
61.6,15.6927
61.7,15.6937
61.8,15.6947
61.9,15.6957
62,15.6967
62.1,15.6977
62.2,15.6987
62.3,15.6996
62.4,15.7006
62.5,15.7015
62.6,15.7025
62.7,15.7034
62.8,15.7044
62.9,15.7053
63,15.7062
63.1,15.7071
63.2,15.708
63.3,15.7089
63.4,15.7098
63.5,15.7107
63.6,15.7116
63.7,15.7125
63.8,15.7133
63.9,15.7142
64,15.715
64.1,15.7159
64.2,15.7167
64.3,15.7176
64.4,15.7184
64.5,15.7192
64.6,15.7201
64.7,15.7209
64.8,15.7217
64.9,15.7225
65,15.7233
65.1,15.7241
65.2,15.7249
65.3,15.7257
65.4,15.7265
65.5,15.7272
65.6,15.728
65.7,15.7288
65.8,15.7295
65.9,15.7303
66,15.731
66.1,15.7318
66.2,15.7325
66.3,15.7332
66.4,15.734
66.5,15.7347
66.6,15.7354
66.7,15.7361
66.8,15.7368
66.9,15.7375
67,15.7382
67.1,15.7389
67.2,15.7396
67.3,15.7403
67.4,15.741
67.5,15.7417
67.6,15.7423
67.7,15.743
67.8,15.7437
67.9,15.7443
68,15.745
68.1,15.7456
68.2,15.7463
68.3,15.7469
68.4,15.7475
68.5,15.7482
68.6,15.7488
68.7,15.7494
68.8,15.75
68.9,15.7506
69,15.7512
69.1,15.7518
69.2,15.7524
69.3,15.753
69.4,15.7536
69.5,15.7542
69.6,15.7548
69.7,15.7554
69.8,15.756
69.9,15.7565
70,15.7571
70.1,15.7577
70.2,15.7582
70.3,15.7588
70.4,15.7593
70.5,15.7599
70.6,15.7604
70.7,15.761
70.8,15.7615
70.9,15.7621
71,15.7626
71.1,15.7631
71.2,15.7636
71.3,15.7642
71.4,15.7647
71.5,15.7652
71.6,15.7657
71.7,15.7662
71.8,15.7667
71.9,15.7672
72,15.7677
72.1,15.7682
72.2,15.7687
72.3,15.7692
72.4,15.7696
72.5,15.7701
72.6,15.7706
72.7,15.7711
72.8,15.7715
72.9,15.772
73,15.7725
73.1,15.7729
73.2,15.7734
73.3,15.7738
73.4,15.7743
73.5,15.7747
73.6,15.7752
73.7,15.7756
73.8,15.7761
73.9,15.7765
74,15.7769
74.1,15.7774
74.2,15.7778
74.3,15.7782
74.4,15.7786
74.5,15.7791
74.6,15.7795
74.7,15.7799
74.8,15.7803
74.9,15.7807
75,15.7811
75.1,15.7815
75.2,15.7819
75.3,15.7823
75.4,15.7827
75.5,15.7831
75.6,15.7835
75.7,15.7838
75.8,15.7842
75.9,15.7846
76,15.785
76.1,15.7854
76.2,15.7857
76.3,15.7861
76.4,15.7865
76.5,15.7868
76.6,15.7872
76.7,15.7876
76.8,15.7879
76.9,15.7883
77,15.7886
77.1,15.789
77.2,15.7893
77.3,15.7897
77.4,15.79
77.5,15.7903
77.6,15.7907
77.7,15.791
77.8,15.7913
77.9,15.7917
78,15.792
78.1,15.7923
78.2,15.7927
78.3,15.793
78.4,15.7933
78.5,15.7936
78.6,15.7939
78.7,15.7942
78.8,15.7946
78.9,15.7949
79,15.7952
79.1,15.7955
79.2,15.7958
79.3,15.7961
79.4,15.7964
79.5,15.7967
79.6,15.797
79.7,15.7973
79.8,15.7975
79.9,15.7978
80,15.7981
80.1,15.7984
80.2,15.7987
80.3,15.799
80.4,15.7993
80.5,15.7995
80.6,15.7998
80.7,15.8001
80.8,15.8003
80.9,15.8006
81,15.8009
81.1,15.8011
81.2,15.8014
81.3,15.8017
81.4,15.8019
81.5,15.8022
81.6,15.8025
81.7,15.8027
81.8,15.803
81.9,15.8032
82,15.8035
82.1,15.8037
82.2,15.804
82.3,15.8042
82.4,15.8044
82.5,15.8047
82.6,15.8049
82.7,15.8052
82.8,15.8054
82.9,15.8056
83,15.8059
83.1,15.8061
83.2,15.8063
83.3,15.8066
83.4,15.8068
83.5,15.807
83.6,15.8072
83.7,15.8075
83.8,15.8077
83.9,15.8079
84,15.8081
84.1,15.8083
84.2,15.8085
84.3,15.8088
84.4,15.809
84.5,15.8092
84.6,15.8094
84.7,15.8096
84.8,15.8098
84.9,15.81
85,15.8102
85.1,15.8104
85.2,15.8106
85.3,15.8108
85.4,15.811
85.5,15.8112
85.6,15.8114
85.7,15.8116
85.8,15.8118
85.9,15.812
86,15.8122
86.1,15.8124
86.2,15.8125
86.3,15.8127
86.4,15.8129
86.5,15.8131
86.6,15.8133
86.7,15.8135
86.8,15.8136
86.9,15.8138
87,15.814
87.1,15.8142
87.2,15.8143
87.3,15.8145
87.4,15.8147
87.5,15.8149
87.6,15.815
87.7,15.8152
87.8,15.8154
87.9,15.8155
88,15.8157
88.1,15.8159
88.2,15.816
88.3,15.8162
88.4,15.8164
88.5,15.8165
88.6,15.8167
88.7,15.8168
88.8,15.817
88.9,15.8171
89,15.8173
89.1,15.8175
89.2,15.8176
89.3,15.8178
89.4,15.8179
89.5,15.8181
89.6,15.8182
89.7,15.8184
89.8,15.8185
89.9,15.8186
90,15.8188
90.1,15.8189
90.2,15.8191
90.3,15.8192
90.4,15.8194
90.5,15.8195
90.6,15.8196
90.7,15.8198
90.8,15.8199
90.9,15.82
91,15.8202
91.1,15.8203
91.2,15.8204
91.3,15.8206
91.4,15.8207
91.5,15.8208
91.6,15.821
91.7,15.8211
91.8,15.8212
91.9,15.8213
92,15.8215
92.1,15.8216
92.2,15.8217
92.3,15.8218
92.4,15.822
92.5,15.8221
92.6,15.8222
92.7,15.8223
92.8,15.8225
92.9,15.8226
93,15.8227
93.1,15.8228
93.2,15.8229
93.3,15.823
93.4,15.8231
93.5,15.8233
93.6,15.8234
93.7,15.8235
93.8,15.8236
93.9,15.8237
94,15.8238
94.1,15.8239
94.2,15.824
94.3,15.8241
94.4,15.8242
94.5,15.8244
94.6,15.8245
94.7,15.8246
94.8,15.8247
94.9,15.8248
95,15.8249
95.1,15.825
95.2,15.8251
95.3,15.8252
95.4,15.8253
95.5,15.8254
95.6,15.8255
95.7,15.8256
95.8,15.8257
95.9,15.8258
96,15.8259
96.1,15.826
96.2,15.8261
96.3,15.8261
96.4,15.8262
96.5,15.8263
96.6,15.8264
96.7,15.8265
96.8,15.8266
96.9,15.8267
97,15.8268
97.1,15.8269
97.2,15.827
97.3,15.827
97.4,15.8271
97.5,15.8272
97.6,15.8273
97.7,15.8274
97.8,15.8275
97.9,15.8276
98,15.8276
98.1,15.8277
98.2,15.8278
98.3,15.8279
98.4,15.828
98.5,15.8281
98.6,15.8281
98.7,15.8282
98.8,15.8283
98.9,15.8284
99,15.8284
99.1,15.8285
99.2,15.8286
99.3,15.8287
99.4,15.8288
99.5,15.8288
99.6,15.8289
99.7,15.829
99.8,15.8291
99.9,15.8291
100,15.8292
100.1,15.8293
100.2,15.8293
100.3,15.8294
100.4,15.8295
100.5,15.8296
100.6,15.8296
100.7,15.8297
100.8,15.8298
100.9,15.8298
101,15.8299
101.1,15.83
101.2,15.83
101.3,15.8301
101.4,15.8302
101.5,15.8302
101.6,15.8303
101.7,15.8304
101.8,15.8304
101.9,15.8305
102,15.8306
102.1,15.8306
102.2,15.8307
102.3,15.8307
102.4,15.8308
102.5,15.8309
102.6,15.8309
102.7,15.831
102.8,15.831
102.9,15.8311
103,15.8312
103.1,15.8312
103.2,15.8313
103.3,15.8313
103.4,15.8314
103.5,15.8315
103.6,15.8315
103.7,15.8316
103.8,15.8316
103.9,15.8317
104,15.8317
104.1,15.8318
104.2,15.8318
104.3,15.8319
104.4,15.8319
104.5,15.832
104.6,15.8321
104.7,15.8321
104.8,15.8322
104.9,15.8322
105,15.8323
105.1,15.8323
105.2,15.8324
105.3,15.8324
105.4,15.8325
105.5,15.8325
105.6,15.8326
105.7,15.8326
105.8,15.8327
105.9,15.8327
106,15.8328
106.1,15.8328
106.2,15.8329
106.3,15.8329
106.4,15.833
106.5,15.833
106.6,15.833
106.7,15.8331
106.8,15.8331
106.9,15.8332
107,15.8332
107.1,15.8333
107.2,15.8333
107.3,15.8334
107.4,15.8334
107.5,15.8334
107.6,15.8335
107.7,15.8335
107.8,15.8336
107.9,15.8336
108,15.8337
108.1,15.8337
108.2,15.8337
108.3,15.8338
108.4,15.8338
108.5,15.8339
108.6,15.8339
108.7,15.8339
108.8,15.834
108.9,15.834
109,15.8341
109.1,15.8341
109.2,15.8341
109.3,15.8342
109.4,15.8342
109.5,15.8343
109.6,15.8343
109.7,15.8343
109.8,15.8344
109.9,15.8344
110,15.8344
110.1,15.8345
110.2,15.8345
110.3,15.8345
110.4,15.8346
110.5,15.8346
110.6,15.8347
110.7,15.8347
110.8,15.8347
110.9,15.8348
111,15.8348
111.1,15.8348
111.2,15.8349
111.3,15.8349
111.4,15.8349
111.5,15.835
111.6,15.835
111.7,15.835
111.8,15.8351
111.9,15.8351
112,15.8351
112.1,15.8352
112.2,15.8352
112.3,15.8352
112.4,15.8352
112.5,15.8353
112.6,15.8353
112.7,15.8353
112.8,15.8354
112.9,15.8354
113,15.8354
113.1,15.8355
113.2,15.8355
113.3,15.8355
113.4,15.8355
113.5,15.8356
113.6,15.8356
113.7,15.8356
113.8,15.8357
113.9,15.8357
114,15.8357
114.1,15.8357
114.2,15.8358
114.3,15.8358
114.4,15.8358
114.5,15.8359
114.6,15.8359
114.7,15.8359
114.8,15.8359
114.9,15.836
115,15.836
115.1,15.836
115.2,15.836
115.3,15.8361
115.4,15.8361
115.5,15.8361
115.6,15.8361
115.7,15.8362
115.8,15.8362
115.9,15.8362
116,15.8362
116.1,15.8363
116.2,15.8363
116.3,15.8363
116.4,15.8363
116.5,15.8364
116.6,15.8364
116.7,15.8364
116.8,15.8364
116.9,15.8364
117,15.8365
117.1,15.8365
117.2,15.8365
117.3,15.8365
117.4,15.8366
117.5,15.8366
117.6,15.8366
117.7,15.8366
117.8,15.8366
117.9,15.8367
118,15.8367
118.1,15.8367
118.2,15.8367
118.3,15.8368
118.4,15.8368
118.5,15.8368
118.6,15.8368
118.7,15.8368
118.8,15.8369
118.9,15.8369
119,15.8369
119.1,15.8369
119.2,15.8369
119.3,15.837
119.4,15.837
119.5,15.837
119.6,15.837
119.7,15.837
119.8,15.837
119.9,15.8371
120,15.8371
120.1,15.8371
120.2,15.8371
120.3,15.8371
120.4,15.8372
120.5,15.8372
120.6,15.8372
120.7,15.8372
120.8,15.8372
120.9,15.8372
121,15.8373
121.1,15.8373
121.2,15.8373
121.3,15.8373
121.4,15.8373
121.5,15.8373
121.6,15.8374
121.7,15.8374
121.8,15.8374
121.9,15.8374
122,15.8374
122.1,15.8374
122.2,15.8375
122.3,15.8375
122.4,15.8375
122.5,15.8375
122.6,15.8375
122.7,15.8375
122.8,15.8376
122.9,15.8376
123,15.8376
123.1,15.8376
123.2,15.8376
123.3,15.8376
123.4,15.8376
123.5,15.8377
123.6,15.8377
123.7,15.8377
123.8,15.8377
123.9,15.8377
124,15.8377
124.1,15.8377
124.2,15.8378
124.3,15.8378
124.4,15.8378
124.5,15.8378
124.6,15.8378
124.7,15.8378
124.8,15.8378
124.9,15.8378
125,15.8379
125.1,15.8379
125.2,15.8379
125.3,15.8379
125.4,15.8379
125.5,15.8379
125.6,15.8379
125.7,15.838
125.8,15.838
125.9,15.838
126,15.838
126.1,15.838
126.2,15.838
126.3,15.838
126.4,15.838
126.5,15.838
126.6,15.8381
126.7,15.8381
126.8,15.8381
126.9,15.8381
127,15.8381
127.1,15.8381
127.2,15.8381
127.3,15.8381
127.4,15.8382
127.5,15.8382
127.6,15.8382
127.7,15.8382
127.8,15.8382
127.9,15.8382
128,15.8382
128.1,15.8382
128.2,15.8382
128.3,15.8382
128.4,15.8383
128.5,15.8383
128.6,15.8383
128.7,15.8383
128.8,15.8383
128.9,15.8383
129,15.8383
129.1,15.8383
129.2,15.8383
129.3,15.8383
129.4,15.8384
129.5,15.8384
129.6,15.8384
129.7,15.8384
129.8,15.8384
129.9,15.8384
130,15.8384
130.1,15.8384
130.2,15.8384
130.3,15.8384
130.4,15.8385
130.5,15.8385
130.6,15.8385
130.7,15.8385
130.8,15.8385
130.9,15.8385
131,15.8385
131.1,15.8385
131.2,15.8385
131.3,15.8385
131.4,15.8385
131.5,15.8385
131.6,15.8386
131.7,15.8386
131.8,15.8386
131.9,15.8386
132,15.8386
132.1,15.8386
132.2,15.8386
132.3,15.8386
132.4,15.8386
132.5,15.8386
132.6,15.8386
132.7,15.8386
132.8,15.8386
132.9,15.8387
133,15.8387
133.1,15.8387
133.2,15.8387
133.3,15.8387
133.4,15.8387
133.5,15.8387
133.6,15.8387
133.7,15.8387
133.8,15.8387
133.9,15.8387
134,15.8387
134.1,15.8387
134.2,15.8388
134.3,15.8388
134.4,15.8388
134.5,15.8388
134.6,15.8388
134.7,15.8388
134.8,15.8388
134.9,15.8388
135,15.8388
135.1,15.8388
135.2,15.8388
135.3,15.8388
135.4,15.8388
135.5,15.8388
135.6,15.8388
135.7,15.8389
135.8,15.8389
135.9,15.8389
136,15.8389
136.1,15.8389
136.2,15.8389
136.3,15.8389
136.4,15.8389
136.5,15.8389
136.6,15.8389
136.7,15.8389
136.8,15.8389
136.9,15.8389
137,15.8389
137.1,15.8389
137.2,15.8389
137.3,15.8389
137.4,15.839
137.5,15.839
137.6,15.839
137.7,15.839
137.8,15.839
137.9,15.839
138,15.839
138.1,15.839
138.2,15.839
138.3,15.839
138.4,15.839
138.5,15.839
138.6,15.839
138.7,15.839
138.8,15.839
138.9,15.839
139,15.839
139.1,15.839
139.2,15.839
139.3,15.8391
139.4,15.8391
139.5,15.8391
139.6,15.8391
139.7,15.8391
139.8,15.8391
139.9,15.8391
140,15.8391
140.1,15.8391
140.2,15.8391
140.3,15.8391
140.4,15.8391
140.5,15.8391
140.6,15.8391
140.7,15.8391
140.8,15.8391
140.9,15.8391
141,15.8391
141.1,15.8391
141.2,15.8391
141.3,15.8391
141.4,15.8391
141.5,15.8392
141.6,15.8392
141.7,15.8392
141.8,15.8392
141.9,15.8392
142,15.8392
142.1,15.8392
142.2,15.8392
142.3,15.8392
142.4,15.8392
142.5,15.8392
142.6,15.8392
142.7,15.8392
142.8,15.8392
142.9,15.8392
143,15.8392
143.1,15.8392
143.2,15.8392
143.3,15.8392
143.4,15.8392
143.5,15.8392
143.6,15.8392
143.7,15.8392
143.8,15.8392
143.9,15.8392
144,15.8392
144.1,15.8393
144.2,15.8393
144.3,15.8393
144.4,15.8393
144.5,15.8393
144.6,15.8393
144.7,15.8393
144.8,15.8393
144.9,15.8393
145,15.8393
145.1,15.8393
145.2,15.8393
145.3,15.8393
145.4,15.8393
145.5,15.8393
145.6,15.8393
145.7,15.8393
145.8,15.8393
145.9,15.8393
146,15.8393
146.1,15.8393
146.2,15.8393
146.3,15.8393
146.4,15.8393
146.5,15.8393
146.6,15.8393
146.7,15.8393
146.8,15.8393
146.9,15.8393
147,15.8393
147.1,15.8393
147.2,15.8393
147.3,15.8394
147.4,15.8394
147.5,15.8394
147.6,15.8394
147.7,15.8394
147.8,15.8394
147.9,15.8394
148,15.8394
148.1,15.8394
148.2,15.8394
148.3,15.8394
148.4,15.8394
148.5,15.8394
148.6,15.8394
148.7,15.8394
148.8,15.8394
148.9,15.8394
149,15.8394
149.1,15.8394
149.2,15.8394
149.3,15.8394
149.4,15.8394
149.5,15.8394
149.6,15.8394
149.7,15.8394
149.8,15.8394
149.9,15.8394
150,15.8394
150.1,15.8394
150.2,15.8394
150.3,15.8394
150.4,15.8394
150.5,15.8394
150.6,15.8394
150.7,15.8394
150.8,15.8394
150.9,15.8394
151,15.8394
151.1,15.8394
151.2,15.8394
151.3,15.8395
151.4,15.8395
151.5,15.8395
151.6,15.8395
151.7,15.8395
151.8,15.8395
151.9,15.8395
152,15.8395
152.1,15.8395
152.2,15.8395
152.3,15.8395
152.4,15.8395
152.5,15.8395
152.6,15.8395
152.7,15.8395
152.8,15.8395
152.9,15.8395
153,15.8395
153.1,15.8395
153.2,15.8395
153.3,15.8395
153.4,15.8395
153.5,15.8395
153.6,15.8395
153.7,15.8395
153.8,15.8395
153.9,15.8395
154,15.8395
154.1,15.8395
154.2,15.8395
154.3,15.8395
154.4,15.8395
154.5,15.8395
154.6,15.8395
154.7,15.8395
154.8,15.8395
154.9,15.8395
155,15.8395
155.1,15.8395
155.2,15.8395
155.3,15.8395
155.4,15.8395
155.5,15.8395
155.6,15.8395
155.7,15.8395
155.8,15.8395
155.9,15.8395
156,15.8395
156.1,15.8395
156.2,15.8395
156.3,15.8395
156.4,15.8395
156.5,15.8395
156.6,15.8395
156.7,15.8395
156.8,15.8395
156.9,15.8396
157,15.8396
157.1,15.8396
157.2,15.8396
157.3,15.8396
157.4,15.8396
157.5,15.8396
157.6,15.8396
157.7,15.8396
157.8,15.8396
157.9,15.8396
158,15.8396
158.1,15.8396
158.2,15.8396
158.3,15.8396
158.4,15.8396
158.5,15.8396
158.6,15.8396
158.7,15.8396
158.8,15.8396
158.9,15.8396
159,15.8396
159.1,15.8396
159.2,15.8396
159.3,15.8396
159.4,15.8396
159.5,15.8396
159.6,15.8396
159.7,15.8396
159.8,15.8396
159.9,15.8396
160,15.8396
160.1,15.8396
160.2,15.8396
160.3,15.8396
160.4,15.8396
160.5,15.8396
160.6,15.8396
160.7,15.8396
160.8,15.8396
160.9,15.8396
161,15.8396
161.1,15.8396
161.2,15.8396
161.3,15.8396
161.4,15.8396
161.5,15.8396
161.6,15.8396
161.7,15.8396
161.8,15.8396
161.9,15.8396
162,15.8396
162.1,15.8396
162.2,15.8396
162.3,15.8396
162.4,15.8396
162.5,15.8396
162.6,15.8396
162.7,15.8396
162.8,15.8396
162.9,15.8396
163,15.8396
163.1,15.8396
163.2,15.8396
163.3,15.8396
163.4,15.8396
163.5,15.8396
163.6,15.8396
163.7,15.8396
163.8,15.8396
163.9,15.8396
164,15.8396
164.1,15.8396
164.2,15.8396
164.3,15.8396
164.4,15.8396
164.5,15.8396
164.6,15.8396
164.7,15.8396
164.8,15.8396
164.9,15.8396
165,15.8396
165.1,15.8396
165.2,15.8396
165.3,15.8396
165.4,15.8396
165.5,15.8396
165.6,15.8396
165.7,15.8396
165.8,15.8396
165.9,15.8396
166,15.8397
166.1,15.8397
166.2,15.8397
166.3,15.8397
166.4,15.8397
166.5,15.8397
166.6,15.8397
166.7,15.8397
166.8,15.8397
166.9,15.8397
167,15.8397
167.1,15.8397
167.2,15.8397
167.3,15.8397
167.4,15.8397
167.5,15.8397
167.6,15.8397
167.7,15.8397
167.8,15.8397
167.9,15.8397
168,15.8397
168.1,15.8397
168.2,15.8397
168.3,15.8397
168.4,15.8397
168.5,15.8397
168.6,15.8397
168.7,15.8397
168.8,15.8397
168.9,15.8397
169,15.8397
169.1,15.8397
169.2,15.8397
169.3,15.8397
169.4,15.8397
169.5,15.8397
169.6,15.8397
169.7,15.8397
169.8,15.8397
169.9,15.8397
170,15.8397
170.1,15.8397
170.2,15.8397
170.3,15.8397
170.4,15.8397
170.5,15.8397
170.6,15.8397
170.7,15.8397
170.8,15.8397
170.9,15.8397
171,15.8397
171.1,15.8397
171.2,15.8397
171.3,15.8397
171.4,15.8397
171.5,15.8397
171.6,15.8397
171.7,15.8397
171.8,15.8397
171.9,15.8397
172,15.8397
172.1,15.8397
172.2,15.8397
172.3,15.8397
172.4,15.8397
172.5,15.8397
172.6,15.8397
172.7,15.8397
172.8,15.8397
172.9,15.8397
173,15.8397
173.1,15.8397
173.2,15.8397
173.3,15.8397
173.4,15.8397
173.5,15.8397
173.6,15.8397
173.7,15.8397
173.8,15.8397
173.9,15.8397
174,15.8397
174.1,15.8397
174.2,15.8397
174.3,15.8397
174.4,15.8397
174.5,15.8397
174.6,15.8397
174.7,15.8397
174.8,15.8397
174.9,15.8397
175,15.8397
175.1,15.8397
175.2,15.8397
175.3,15.8397
175.4,15.8397
175.5,15.8397
175.6,15.8397
175.7,15.8397
175.8,15.8397
175.9,15.8397
176,15.8397
176.1,15.8397
176.2,15.8397
176.3,15.8397
176.4,15.8397
176.5,15.8397
176.6,15.8397
176.7,15.8397
176.8,15.8397
176.9,15.8397
177,15.8397
177.1,15.8397
177.2,15.8397
177.3,15.8397
177.4,15.8397
177.5,15.8397
177.6,15.8397
177.7,15.8397
177.8,15.8397
177.9,15.8397
178,15.8397
178.1,15.8397
178.2,15.8397
178.3,15.8397
178.4,15.8397
178.5,15.8397
178.6,15.8397
178.7,15.8397
178.8,15.8397
178.9,15.8397
179,15.8397
179.1,15.8397
179.2,15.8397
179.3,15.8397
179.4,15.8397
179.5,15.8397
179.6,15.8397
179.7,15.8397
179.8,15.8397
179.9,15.8397
180,15.8397
180.1,15.8397
180.2,15.8397
180.3,15.8397
180.4,15.8397
180.5,15.8397
180.6,15.8397
180.7,15.8397
180.8,15.8397
180.9,15.8397
181,15.8397
181.1,15.8397
181.2,15.8397
181.3,15.8397
181.4,15.8397
181.5,15.8397
181.6,15.8397
181.7,15.8397
181.8,15.8397
181.9,15.8397
182,15.8397
182.1,15.8397
182.2,15.8397
182.3,15.8397
182.4,15.8397
182.5,15.8397
182.6,15.8397
182.7,15.8397
182.8,15.8397
182.9,15.8397
183,15.8397
183.1,15.8397
183.2,15.8397
183.3,15.8397
183.4,15.8397
183.5,15.8397
183.6,15.8397
183.7,15.8397
183.8,15.8397
183.9,15.8397
184,15.8397
184.1,15.8397
184.2,15.8397
184.3,15.8397
184.4,15.8397
184.5,15.8397
184.6,15.8397
184.7,15.8397
184.8,15.8397
184.9,15.8397
185,15.8397
185.1,15.8397
185.2,15.8397
185.3,15.8397
185.4,15.8397
185.5,15.8397
185.6,15.8397
185.7,15.8397
185.8,15.8397
185.9,15.8397
186,15.8397
186.1,15.8397
186.2,15.8397
186.3,15.8397
186.4,15.8397
186.5,15.8397
186.6,15.8397
186.7,15.8397
186.8,15.8397
186.9,15.8397
187,15.8397
187.1,15.8397
187.2,15.8397
187.3,15.8397
187.4,15.8397
187.5,15.8397
187.6,15.8397
187.7,15.8397
187.8,15.8397
187.9,15.8397
188,15.8397
188.1,15.8397
188.2,15.8397
188.3,15.8397
188.4,15.8397
188.5,15.8397
188.6,15.8397
188.7,15.8397
188.8,15.8397
188.9,15.8397
189,15.8397
189.1,15.8397
189.2,15.8397
189.3,15.8397
189.4,15.8397
189.5,15.8397
189.6,15.8397
189.7,15.8397
189.8,15.8397
189.9,15.8397
190,15.8397
190.1,15.8397
190.2,15.8397
190.3,15.8397
190.4,15.8397
190.5,15.8397
190.6,15.8397
190.7,15.8397
190.8,15.8397
190.9,15.8397
191,15.8397
191.1,15.8397
191.2,15.8397
191.3,15.8397
191.4,15.8397
191.5,15.8397
191.6,15.8397
191.7,15.8397
191.8,15.8397
191.9,15.8397
192,15.8397
192.1,15.8397
192.2,15.8397
192.3,15.8397
192.4,15.8397
192.5,15.8397
192.6,15.8397
192.7,15.8397
192.8,15.8397
192.9,15.8397
193,15.8397
193.1,15.8397
193.2,15.8397
193.3,15.8397
193.4,15.8397
193.5,15.8397
193.6,15.8397
193.7,15.8397
193.8,15.8397
193.9,15.8397
194,15.8397
194.1,15.8397
194.2,15.8397
194.3,15.8397
194.4,15.8397
194.5,15.8397
194.6,15.8397
194.7,15.8397
194.8,15.8397
194.9,15.8397
195,15.8397
195.1,15.8397
195.2,15.8397
195.3,15.8397
195.4,15.8397
195.5,15.8397
195.6,15.8398
195.7,15.8398
195.8,15.8398
195.9,15.8398
196,15.8398
196.1,15.8398
196.2,15.8398
196.3,15.8398
196.4,15.8398
196.5,15.8398
196.6,15.8398
196.7,15.8398
196.8,15.8398
196.9,15.8398
197,15.8398
197.1,15.8398
197.2,15.8398
197.3,15.8398
197.4,15.8398
197.5,15.8398
197.6,15.8398
197.7,15.8398
197.8,15.8398
197.9,15.8398
198,15.8398
198.1,15.8398
198.2,15.8398
198.3,15.8398
198.4,15.8398
198.5,15.8398
198.6,15.8398
198.7,15.8398
198.8,15.8398
198.9,15.8398
199,15.8398
199.1,15.8398
199.2,15.8398
199.3,15.8398
199.4,15.8398
199.5,15.8398
199.6,15.8398
199.7,15.8398
199.8,15.8398
199.9,15.8398
