x,y
0,4
0.1,4.14286
0.2,4.28079
0.3,4.41427
0.4,4.54373
0.5,4.66949
0.6,4.79186
0.7,4.91111
0.8,5.02747
0.9,5.14113
1,5.25228
1.1,5.36107
1.2,5.46766
1.3,5.57217
1.4,5.67472
1.5,5.77542
1.6,5.87436
1.7,5.97164
1.8,6.06733
1.9,6.16151
2,6.25425
2.1,6.34562
2.2,6.43567
2.3,6.52446
2.4,6.61204
2.5,6.69846
2.6,6.78377
2.7,6.868
2.8,6.95121
2.9,7.03341
3,7.11466
3.1,7.19497
3.2,7.27439
3.3,7.35295
3.4,7.43066
3.5,7.50756
3.6,7.58368
3.7,7.65903
3.8,7.73364
3.9,7.80752
4,7.88071
4.1,7.95322
4.2,8.02507
4.3,8.09628
4.4,8.16686
4.5,8.23683
4.6,8.3062
4.7,8.375
4.8,8.44323
4.9,8.51091
5,8.57805
5.1,8.64466
5.2,8.71076
5.3,8.77636
5.4,8.84147
5.5,8.9061
5.6,8.97027
5.7,9.03397
5.8,9.09722
5.9,9.16003
6,9.22242
6.1,9.28438
6.2,9.34593
6.3,9.40707
6.4,9.46781
6.5,9.52817
6.6,9.58814
6.7,9.64774
6.8,9.70697
6.9,9.76583
7,9.82435
7.1,9.88251
7.2,9.94033
7.3,9.99782
7.4,10.055
7.5,10.1118
7.6,10.1683
7.7,10.2245
7.8,10.2804
7.9,10.336
8,10.3913
8.1,10.4463
8.2,10.501
8.3,10.5554
8.4,10.6095
8.5,10.6634
8.6,10.717
8.7,10.7703
8.8,10.8233
8.9,10.8761
9,10.9287
9.1,10.981
9.2,11.033
9.3,11.0848
9.4,11.1363
9.5,11.1877
9.6,11.2387
9.7,11.2896
9.8,11.3402
9.9,11.3906
10,11.4408
10.1,11.4907
10.2,11.5404
10.3,11.5899
10.4,11.6392
10.5,11.6883
10.6,11.7372
10.7,11.7859
10.8,11.8344
10.9,11.8827
11,11.9308
11.1,11.9787
11.2,12.0264
11.3,12.0739
11.4,12.1212
11.5,12.1684
11.6,12.2153
11.7,12.2621
11.8,12.3087
11.9,12.3551
12,12.4014
12.1,12.4475
12.2,12.4934
12.3,12.5391
12.4,12.5847
12.5,12.6301
12.6,12.6753
12.7,12.7204
12.8,12.7653
12.9,12.8101
13,12.8547
13.1,12.8991
13.2,12.9434
13.3,12.9876
13.4,13.0316
13.5,13.0754
13.6,13.1191
13.7,13.1627
13.8,13.2061
13.9,13.2494
14,13.2925
14.1,13.3355
14.2,13.3784
14.3,13.4211
14.4,13.4636
14.5,13.5061
14.6,13.5484
14.7,13.5906
14.8,13.6326
14.9,13.6745
15,13.7163
15.1,13.758
15.2,13.7995
15.3,13.8409
15.4,13.8822
15.5,13.9234
15.6,13.9644
15.7,14.0053
15.8,14.0461
15.9,14.0868
16,14.1274
16.1,14.1678
16.2,14.2082
16.3,14.2484
16.4,14.2885
16.5,14.3285
16.6,14.3684
16.7,14.4081
16.8,14.4478
16.9,14.4873
17,14.5268
17.1,14.5661
17.2,14.6054
17.3,14.6445
17.4,14.6835
17.5,14.7224
17.6,14.7612
17.7,14.7999
17.8,14.8385
17.9,14.8771
18,14.9155
18.1,14.9538
18.2,14.992
18.3,15.0301
18.4,15.0681
18.5,15.106
18.6,15.1439
18.7,15.1816
18.8,15.2192
18.9,15.2568
19,15.2942
19.1,15.3316
19.2,15.3689
19.3,15.4061
19.4,15.4432
19.5,15.4802
19.6,15.5171
19.7,15.5539
19.8,15.5906
19.9,15.6273
20,15.6639
20.1,15.7003
20.2,15.7367
20.3,15.773
20.4,15.8093
20.5,15.8454
20.6,15.8815
20.7,15.9175
20.8,15.9534
20.9,15.9892
21,16.0249
21.1,16.0606
21.2,16.0962
21.3,16.1317
21.4,16.1671
21.5,16.2024
21.6,16.2377
21.7,16.2729
21.8,16.308
21.9,16.343
22,16.378
22.1,16.4129
22.2,16.4477
22.3,16.4825
22.4,16.5171
22.5,16.5517
22.6,16.5862
22.7,16.6207
22.8,16.6551
22.9,16.6894
23,16.7236
23.1,16.7578
23.2,16.7919
23.3,16.8259
23.4,16.8599
23.5,16.8938
23.6,16.9276
23.7,16.9614
23.8,16.995
23.9,17.0287
24,17.0622
24.1,17.0957
24.2,17.1291
24.3,17.1625
24.4,17.1958
24.5,17.229
24.6,17.2622
24.7,17.2953
24.8,17.3283
24.9,17.3613
25,17.3942
25.1,17.4271
25.2,17.4599
25.3,17.4926
25.4,17.5253
25.5,17.5579
25.6,17.5904
25.7,17.6229
25.8,17.6553
25.9,17.6877
26,17.72
26.1,17.7522
26.2,17.7844
26.3,17.8166
26.4,17.8486
26.5,17.8807
26.6,17.9126
26.7,17.9445
26.8,17.9764
26.9,18.0081
27,18.0399
27.1,18.0716
27.2,18.1032
27.3,18.1347
27.4,18.1662
27.5,18.1977
27.6,18.2291
27.7,18.2605
27.8,18.2917
27.9,18.323
28,18.3542
28.1,18.3853
28.2,18.4164
28.3,18.4474
28.4,18.4784
28.5,18.5093
28.6,18.5402
28.7,18.571
28.8,18.6018
28.9,18.6325
29,18.6632
29.1,18.6938
29.2,18.7243
29.3,18.7549
29.4,18.7853
29.5,18.8158
29.6,18.8461
29.7,18.8764
29.8,18.9067
29.9,18.9369
30,18.9671
30.1,18.9972
30.2,19.0273
30.3,19.0574
30.4,19.0873
30.5,19.1173
30.6,19.1472
30.7,19.177
30.8,19.2068
30.9,19.2366
31,19.2663
31.1,19.2959
31.2,19.3255
31.3,19.3551
31.4,19.3846
31.5,19.4141
31.6,19.4435
31.7,19.4729
31.8,19.5023
31.9,19.5316
32,19.5608
32.1,19.59
32.2,19.6192
32.3,19.6483
32.4,19.6774
32.5,19.7065
32.6,19.7355
32.7,19.7644
32.8,19.7933
32.9,19.8222
33,19.851
33.1,19.8798
33.2,19.9086
33.3,19.9373
33.4,19.9659
33.5,19.9945
33.6,20.0231
33.7,20.0517
33.8,20.0802
33.9,20.1086
34,20.137
34.1,20.1654
34.2,20.1937
34.3,20.222
34.4,20.2503
34.5,20.2785
34.6,20.3067
34.7,20.3348
34.8,20.3629
34.9,20.391
35,20.419
35.1,20.447
35.2,20.475
35.3,20.5029
35.4,20.5307
35.5,20.5586
35.6,20.5864
35.7,20.6141
35.8,20.6418
35.9,20.6695
36,20.6972
36.1,20.7248
36.2,20.7524
36.3,20.7799
36.4,20.8074
36.5,20.8348
36.6,20.8623
36.7,20.8897
36.8,20.917
36.9,20.9443
37,20.9716
37.1,20.9989
37.2,21.0261
37.3,21.0533
37.4,21.0804
37.5,21.1075
37.6,21.1346
37.7,21.1616
37.8,21.1886
37.9,21.2156
38,21.2425
38.1,21.2694
38.2,21.2963
38.3,21.3231
38.4,21.3499
38.5,21.3767
38.6,21.4034
38.7,21.4301
38.8,21.4568
38.9,21.4834
39,21.51
39.1,21.5366
39.2,21.5631
39.3,21.5896
39.4,21.6161
39.5,21.6425
39.6,21.6689
39.7,21.6953
39.8,21.7216
39.9,21.7479
40,21.7742
40.1,21.8005
40.2,21.8267
40.3,21.8528
40.4,21.879
40.5,21.9051
40.6,21.9312
40.7,21.9573
40.8,21.9833
40.9,22.0093
41,22.0352
41.1,22.0612
41.2,22.0871
41.3,22.1129
41.4,22.1388
41.5,22.1646
41.6,22.1904
41.7,22.2161
41.8,22.2418
41.9,22.2675
42,22.2932
42.1,22.3188
42.2,22.3444
42.3,22.37
42.4,22.3956
42.5,22.4211
42.6,22.4466
42.7,22.472
42.8,22.4974
42.9,22.5228
43,22.5482
43.1,22.5736
43.2,22.5989
43.3,22.6242
43.4,22.6494
43.5,22.6746
43.6,22.6998
43.7,22.725
43.8,22.7502
43.9,22.7753
44,22.8004
44.1,22.8254
44.2,22.8505
44.3,22.8755
44.4,22.9005
44.5,22.9254
44.6,22.9503
44.7,22.9752
44.8,23.0001
44.9,23.0249
45,23.0498
45.1,23.0746
45.2,23.0993
45.3,23.1241
45.4,23.1488
45.5,23.1735
45.6,23.1981
45.7,23.2227
45.8,23.2473
45.9,23.2719
46,23.2965
46.1,23.321
46.2,23.3455
46.3,23.37
46.4,23.3944
46.5,23.4189
46.6,23.4433
46.7,23.4676
46.8,23.492
46.9,23.5163
47,23.5406
47.1,23.5649
47.2,23.5891
47.3,23.6134
47.4,23.6376
47.5,23.6617
47.6,23.6859
47.7,23.71
47.8,23.7341
47.9,23.7582
48,23.7822
48.1,23.8063
48.2,23.8303
48.3,23.8543
48.4,23.8782
48.5,23.9021
48.6,23.926
48.7,23.9499
48.8,23.9738
48.9,23.9976
49,24.0214
49.1,24.0452
49.2,24.069
49.3,24.0927
49.4,24.1164
49.5,24.1401
49.6,24.1638
49.7,24.1875
49.8,24.2111
49.9,24.2347
50,24.2583
50.1,24.2818
50.2,24.3054
50.3,24.3289
50.4,24.3524
50.5,24.3758
50.6,24.3993
50.7,24.4227
50.8,24.4461
50.9,24.4695
51,24.4928
51.1,24.5161
51.2,24.5394
51.3,24.5627
51.4,24.586
51.5,24.6092
51.6,24.6325
51.7,24.6557
51.8,24.6788
51.9,24.702
52,24.7251
52.1,24.7482
52.2,24.7713
52.3,24.7944
52.4,24.8174
52.5,24.8405
52.6,24.8635
52.7,24.8864
52.8,24.9094
52.9,24.9324
53,24.9553
53.1,24.9782
53.2,25.001
53.3,25.0239
53.4,25.0467
53.5,25.0696
53.6,25.0923
53.7,25.1151
53.8,25.1379
53.9,25.1606
54,25.1833
54.1,25.206
54.2,25.2287
54.3,25.2513
54.4,25.274
54.5,25.2966
54.6,25.3192
54.7,25.3417
54.8,25.3643
54.9,25.3868
55,25.4093
55.1,25.4318
55.2,25.4543
55.3,25.4767
55.4,25.4991
55.5,25.5216
55.6,25.5439
55.7,25.5663
55.8,25.5887
55.9,25.611
56,25.6333
56.1,25.6556
56.2,25.6779
56.3,25.7001
56.4,25.7224
56.5,25.7446
56.6,25.7668
56.7,25.789
56.8,25.8111
56.9,25.8332
57,25.8554
57.1,25.8775
57.2,25.8996
57.3,25.9216
57.4,25.9437
57.5,25.9657
57.6,25.9877
57.7,26.0097
57.8,26.0316
57.9,26.0536
58,26.0755
58.1,26.0974
58.2,26.1193
58.3,26.1412
58.4,26.1631
58.5,26.1849
58.6,26.2067
58.7,26.2285
58.8,26.2503
58.9,26.2721
59,26.2939
59.1,26.3156
59.2,26.3373
59.3,26.359
59.4,26.3807
59.5,26.4023
59.6,26.424
59.7,26.4456
59.8,26.4672
59.9,26.4888
60,26.5104
60.1,26.5319
60.2,26.5535
60.3,26.575
60.4,26.5965
60.5,26.618
60.6,26.6394
60.7,26.6609
60.8,26.6823
60.9,26.7037
61,26.7251
61.1,26.7465
61.2,26.7679
61.3,26.7892
61.4,26.8106
61.5,26.8319
61.6,26.8532
61.7,26.8745
61.8,26.8957
61.9,26.917
62,26.9382
62.1,26.9594
62.2,26.9806
62.3,27.0018
62.4,27.0229
62.5,27.0441
62.6,27.0652
62.7,27.0863
62.8,27.1074
62.9,27.1285
63,27.1496
63.1,27.1706
63.2,27.1917
63.3,27.2127
63.4,27.2337
63.5,27.2546
63.6,27.2756
63.7,27.2966
63.8,27.3175
63.9,27.3384
64,27.3593
64.1,27.3802
64.2,27.4011
64.3,27.4219
64.4,27.4428
64.5,27.4636
64.6,27.4844
64.7,27.5052
64.8,27.526
64.9,27.5467
65,27.5675
65.1,27.5882
65.2,27.6089
65.3,27.6296
65.4,27.6503
65.5,27.671
65.6,27.6916
65.7,27.7122
65.8,27.7329
65.9,27.7535
66,27.7741
66.1,27.7946
66.2,27.8152
66.3,27.8357
66.4,27.8563
66.5,27.8768
66.6,27.8973
66.7,27.9178
66.8,27.9382
66.9,27.9587
67,27.9791
67.1,27.9995
67.2,28.0199
67.3,28.0403
67.4,28.0607
67.5,28.0811
67.6,28.1014
67.7,28.1218
67.8,28.1421
67.9,28.1624
68,28.1827
68.1,28.203
68.2,28.2232
68.3,28.2435
68.4,28.2637
68.5,28.2839
68.6,28.3041
68.7,28.3243
68.8,28.3445
68.9,28.3646
69,28.3848
69.1,28.4049
69.2,28.425
69.3,28.4451
69.4,28.4652
69.5,28.4853
69.6,28.5054
69.7,28.5254
69.8,28.5454
69.9,28.5655
70,28.5855
70.1,28.6055
70.2,28.6254
70.3,28.6454
70.4,28.6653
70.5,28.6853
70.6,28.7052
70.7,28.7251
70.8,28.745
70.9,28.7649
71,28.7847
71.1,28.8046
71.2,28.8244
71.3,28.8443
71.4,28.8641
71.5,28.8839
71.6,28.9036
71.7,28.9234
71.8,28.9432
71.9,28.9629
72,28.9826
72.1,29.0024
72.2,29.0221
72.3,29.0418
72.4,29.0614
72.5,29.0811
72.6,29.1007
72.7,29.1204
72.8,29.14
72.9,29.1596
73,29.1792
73.1,29.1988
73.2,29.2184
73.3,29.2379
73.4,29.2575
73.5,29.277
73.6,29.2965
73.7,29.316
73.8,29.3355
73.9,29.355
74,29.3745
74.1,29.3939
74.2,29.4134
74.3,29.4328
74.4,29.4522
74.5,29.4716
74.6,29.491
74.7,29.5104
74.8,29.5297
74.9,29.5491
75,29.5684
75.1,29.5877
75.2,29.6071
75.3,29.6264
75.4,29.6456
75.5,29.6649
75.6,29.6842
75.7,29.7034
75.8,29.7227
75.9,29.7419
76,29.7611
76.1,29.7803
76.2,29.7995
76.3,29.8187
76.4,29.8378
76.5,29.857
76.6,29.8761
76.7,29.8952
76.8,29.9144
76.9,29.9335
77,29.9526
77.1,29.9716
77.2,29.9907
77.3,30.0098
77.4,30.0288
77.5,30.0478
77.6,30.0668
77.7,30.0858
77.8,30.1048
77.9,30.1238
78,30.1428
78.1,30.1617
78.2,30.1807
78.3,30.1996
78.4,30.2185
78.5,30.2375
78.6,30.2564
78.7,30.2752
78.8,30.2941
78.9,30.313
79,30.3318
79.1,30.3507
79.2,30.3695
79.3,30.3883
79.4,30.4071
79.5,30.4259
79.6,30.4447
79.7,30.4635
79.8,30.4822
79.9,30.501
80,30.5197
80.1,30.5384
80.2,30.5571
80.3,30.5758
80.4,30.5945
80.5,30.6132
80.6,30.6319
80.7,30.6505
80.8,30.6692
80.9,30.6878
81,30.7064
81.1,30.725
81.2,30.7436
81.3,30.7622
81.4,30.7808
81.5,30.7994
81.6,30.8179
81.7,30.8364
81.8,30.855
81.9,30.8735
82,30.892
82.1,30.9105
82.2,30.929
82.3,30.9475
82.4,30.9659
82.5,30.9844
82.6,31.0028
82.7,31.0213
82.8,31.0397
82.9,31.0581
83,31.0765
83.1,31.0949
83.2,31.1133
83.3,31.1316
83.4,31.15
83.5,31.1683
83.6,31.1867
83.7,31.205
83.8,31.2233
83.9,31.2416
84,31.2599
84.1,31.2782
84.2,31.2964
84.3,31.3147
84.4,31.3329
84.5,31.3512
84.6,31.3694
84.7,31.3876
84.8,31.4058
84.9,31.424
85,31.4422
85.1,31.4604
85.2,31.4785
85.3,31.4967
85.4,31.5148
85.5,31.533
85.6,31.5511
85.7,31.5692
85.8,31.5873
85.9,31.6054
86,31.6235
86.1,31.6415
86.2,31.6596
86.3,31.6776
86.4,31.6957
86.5,31.7137
86.6,31.7317
86.7,31.7497
86.8,31.7677
86.9,31.7857
87,31.8037
87.1,31.8217
87.2,31.8396
87.3,31.8576
87.4,31.8755
87.5,31.8934
87.6,31.9114
87.7,31.9293
87.8,31.9472
87.9,31.965
88,31.9829
88.1,32.0008
88.2,32.0186
88.3,32.0365
88.4,32.0543
88.5,32.0722
88.6,32.09
88.7,32.1078
88.8,32.1256
88.9,32.1434
89,32.1611
89.1,32.1789
89.2,32.1967
89.3,32.2144
89.4,32.2322
89.5,32.2499
89.6,32.2676
89.7,32.2853
89.8,32.303
89.9,32.3207
90,32.3384
90.1,32.356
90.2,32.3737
90.3,32.3914
90.4,32.409
90.5,32.4266
90.6,32.4443
90.7,32.4619
90.8,32.4795
90.9,32.4971
91,32.5147
91.1,32.5322
91.2,32.5498
91.3,32.5673
91.4,32.5849
91.5,32.6024
91.6,32.62
91.7,32.6375
91.8,32.655
91.9,32.6725
92,32.69
92.1,32.7074
92.2,32.7249
92.3,32.7424
92.4,32.7598
92.5,32.7773
92.6,32.7947
92.7,32.8121
92.8,32.8296
92.9,32.847
93,32.8644
93.1,32.8817
93.2,32.8991
93.3,32.9165
93.4,32.9338
93.5,32.9512
93.6,32.9685
93.7,32.9859
93.8,33.0032
93.9,33.0205
94,33.0378
94.1,33.0551
94.2,33.0724
94.3,33.0897
94.4,33.1069
94.5,33.1242
94.6,33.1415
94.7,33.1587
94.8,33.1759
94.9,33.1932
95,33.2104
95.1,33.2276
95.2,33.2448
95.3,33.262
95.4,33.2791
95.5,33.2963
95.6,33.3135
95.7,33.3306
95.8,33.3478
95.9,33.3649
96,33.382
96.1,33.3992
96.2,33.4163
96.3,33.4334
96.4,33.4505
96.5,33.4675
96.6,33.4846
96.7,33.5017
96.8,33.5187
96.9,33.5358
97,33.5528
97.1,33.5699
97.2,33.5869
97.3,33.6039
97.4,33.6209
97.5,33.6379
97.6,33.6549
97.7,33.6719
97.8,33.6888
97.9,33.7058
98,33.7227
98.1,33.7397
98.2,33.7566
98.3,33.7736
98.4,33.7905
98.5,33.8074
98.6,33.8243
98.7,33.8412
98.8,33.8581
98.9,33.8749
99,33.8918
99.1,33.9087
99.2,33.9255
99.3,33.9424
99.4,33.9592
99.5,33.976
99.6,33.9928
99.7,34.0097
99.8,34.0265
99.9,34.0433
100,34.06
100.1,34.0768
100.2,34.0936
100.3,34.1103
100.4,34.1271
100.5,34.1438
100.6,34.1606
100.7,34.1773
100.8,34.194
100.9,34.2107
101,34.2274
101.1,34.2441
101.2,34.2608
101.3,34.2775
101.4,34.2942
101.5,34.3108
101.6,34.3275
101.7,34.3441
101.8,34.3608
101.9,34.3774
102,34.394
102.1,34.4106
102.2,34.4272
102.3,34.4438
102.4,34.4604
102.5,34.477
102.6,34.4936
102.7,34.5102
102.8,34.5267
102.9,34.5433
103,34.5598
103.1,34.5763
103.2,34.5929
103.3,34.6094
103.4,34.6259
103.5,34.6424
103.6,34.6589
103.7,34.6754
103.8,34.6919
103.9,34.7083
104,34.7248
104.1,34.7413
104.2,34.7577
104.3,34.7741
104.4,34.7906
104.5,34.807
104.6,34.8234
104.7,34.8398
104.8,34.8562
104.9,34.8726
105,34.889
105.1,34.9054
105.2,34.9218
105.3,34.9381
105.4,34.9545
105.5,34.9708
105.6,34.9872
105.7,35.0035
105.8,35.0198
105.9,35.0361
106,35.0524
106.1,35.0687
106.2,35.085
106.3,35.1013
106.4,35.1176
106.5,35.1339
106.6,35.1501
106.7,35.1664
106.8,35.1827
106.9,35.1989
107,35.2151
107.1,35.2314
107.2,35.2476
107.3,35.2638
107.4,35.28
107.5,35.2962
107.6,35.3124
107.7,35.3286
107.8,35.3447
107.9,35.3609
108,35.3771
108.1,35.3932
108.2,35.4094
108.3,35.4255
108.4,35.4416
108.5,35.4577
108.6,35.4739
108.7,35.49
108.8,35.5061
108.9,35.5222
109,35.5383
109.1,35.5543
109.2,35.5704
109.3,35.5865
109.4,35.6025
109.5,35.6186
109.6,35.6346
109.7,35.6507
109.8,35.6667
109.9,35.6827
110,35.6987
110.1,35.7147
110.2,35.7307
110.3,35.7467
110.4,35.7627
110.5,35.7787
110.6,35.7947
110.7,35.8106
110.8,35.8266
110.9,35.8425
111,35.8585
111.1,35.8744
111.2,35.8903
111.3,35.9063
111.4,35.9222
111.5,35.9381
111.6,35.954
111.7,35.9699
111.8,35.9858
111.9,36.0016
112,36.0175
112.1,36.0334
112.2,36.0492
112.3,36.0651
112.4,36.0809
112.5,36.0968
112.6,36.1126
112.7,36.1284
112.8,36.1442
112.9,36.16
113,36.1758
113.1,36.1916
113.2,36.2074
113.3,36.2232
113.4,36.239
113.5,36.2548
113.6,36.2705
113.7,36.2863
113.8,36.302
113.9,36.3178
114,36.3335
114.1,36.3492
114.2,36.3649
114.3,36.3807
114.4,36.3964
114.5,36.4121
114.6,36.4278
114.7,36.4434
114.8,36.4591
114.9,36.4748
115,36.4905
115.1,36.5061
115.2,36.5218
115.3,36.5374
115.4,36.5531
115.5,36.5687
115.6,36.5843
115.7,36.5999
115.8,36.6156
115.9,36.6312
116,36.6468
116.1,36.6624
116.2,36.6779
116.3,36.6935
116.4,36.7091
116.5,36.7247
116.6,36.7402
116.7,36.7558
116.8,36.7713
116.9,36.7869
117,36.8024
117.1,36.8179
117.2,36.8334
117.3,36.849
117.4,36.8645
117.5,36.88
117.6,36.8955
117.7,36.9109
117.8,36.9264
117.9,36.9419
118,36.9574
118.1,36.9728
118.2,36.9883
118.3,37.0037
118.4,37.0192
118.5,37.0346
118.6,37.05
118.7,37.0655
118.8,37.0809
118.9,37.0963
119,37.1117
119.1,37.1271
119.2,37.1425
119.3,37.1579
119.4,37.1732
119.5,37.1886
119.6,37.204
119.7,37.2193
119.8,37.2347
119.9,37.25
120,37.2654
120.1,37.2807
120.2,37.296
120.3,37.3114
120.4,37.3267
120.5,37.342
120.6,37.3573
120.7,37.3726
120.8,37.3879
120.9,37.4032
121,37.4184
121.1,37.4337
121.2,37.449
121.3,37.4642
121.4,37.4795
121.5,37.4947
121.6,37.51
121.7,37.5252
121.8,37.5404
121.9,37.5557
122,37.5709
122.1,37.5861
122.2,37.6013
122.3,37.6165
122.4,37.6317
122.5,37.6469
122.6,37.662
122.7,37.6772
122.8,37.6924
122.9,37.7075
123,37.7227
123.1,37.7378
123.2,37.753
123.3,37.7681
123.4,37.7833
123.5,37.7984
123.6,37.8135
123.7,37.8286
123.8,37.8437
123.9,37.8588
124,37.8739
124.1,37.889
124.2,37.9041
124.3,37.9191
124.4,37.9342
124.5,37.9493
124.6,37.9643
124.7,37.9794
124.8,37.9944
124.9,38.0095
125,38.0245
125.1,38.0395
125.2,38.0546
125.3,38.0696
125.4,38.0846
125.5,38.0996
125.6,38.1146
125.7,38.1296
125.8,38.1446
125.9,38.1595
126,38.1745
126.1,38.1895
126.2,38.2045
126.3,38.2194
126.4,38.2344
126.5,38.2493
126.6,38.2642
126.7,38.2792
126.8,38.2941
126.9,38.309
127,38.3239
127.1,38.3389
127.2,38.3538
127.3,38.3687
127.4,38.3836
127.5,38.3984
127.6,38.4133
127.7,38.4282
127.8,38.4431
127.9,38.4579
128,38.4728
128.1,38.4876
128.2,38.5025
128.3,38.5173
128.4,38.5322
128.5,38.547
128.6,38.5618
128.7,38.5766
128.8,38.5915
128.9,38.6063
129,38.6211
129.1,38.6359
129.2,38.6506
129.3,38.6654
129.4,38.6802
129.5,38.695
129.6,38.7098
129.7,38.7245
129.8,38.7393
129.9,38.754
130,38.7688
130.1,38.7835
130.2,38.7982
130.3,38.813
130.4,38.8277
130.5,38.8424
130.6,38.8571
130.7,38.8718
130.8,38.8865
130.9,38.9012
131,38.9159
131.1,38.9306
131.2,38.9453
131.3,38.9599
131.4,38.9746
131.5,38.9893
131.6,39.0039
131.7,39.0186
131.8,39.0332
131.9,39.0479
132,39.0625
132.1,39.0771
132.2,39.0917
132.3,39.1064
132.4,39.121
132.5,39.1356
132.6,39.1502
132.7,39.1648
132.8,39.1794
132.9,39.194
133,39.2085
133.1,39.2231
133.2,39.2377
133.3,39.2522
133.4,39.2668
133.5,39.2814
133.6,39.2959
133.7,39.3104
133.8,39.325
133.9,39.3395
134,39.354
134.1,39.3686
134.2,39.3831
134.3,39.3976
134.4,39.4121
134.5,39.4266
134.6,39.4411
134.7,39.4556
134.8,39.47
134.9,39.4845
135,39.499
135.1,39.5135
135.2,39.5279
135.3,39.5424
135.4,39.5568
135.5,39.5713
135.6,39.5857
135.7,39.6002
135.8,39.6146
135.9,39.629
136,39.6434
136.1,39.6578
136.2,39.6723
136.3,39.6867
136.4,39.7011
136.5,39.7154
136.6,39.7298
136.7,39.7442
136.8,39.7586
136.9,39.773
137,39.7873
137.1,39.8017
137.2,39.8161
137.3,39.8304
137.4,39.8448
137.5,39.8591
137.6,39.8734
137.7,39.8878
137.8,39.9021
137.9,39.9164
138,39.9307
138.1,39.945
138.2,39.9593
138.3,39.9736
138.4,39.9879
138.5,40.0022
138.6,40.0165
138.7,40.0308
138.8,40.0451
138.9,40.0593
139,40.0736
139.1,40.0879
139.2,40.1021
139.3,40.1164
139.4,40.1306
139.5,40.1448
139.6,40.1591
139.7,40.1733
139.8,40.1875
139.9,40.2018
140,40.216
140.1,40.2302
140.2,40.2444
140.3,40.2586
140.4,40.2728
140.5,40.287
140.6,40.3011
140.7,40.3153
140.8,40.3295
140.9,40.3437
141,40.3578
141.1,40.372
141.2,40.3861
141.3,40.4003
141.4,40.4144
141.5,40.4286
141.6,40.4427
141.7,40.4568
141.8,40.471
141.9,40.4851
142,40.4992
142.1,40.5133
142.2,40.5274
142.3,40.5415
142.4,40.5556
142.5,40.5697
142.6,40.5838
142.7,40.5979
142.8,40.6119
142.9,40.626
143,40.6401
143.1,40.6541
143.2,40.6682
143.3,40.6822
143.4,40.6963
143.5,40.7103
143.6,40.7244
143.7,40.7384
143.8,40.7524
143.9,40.7664
144,40.7805
144.1,40.7945
144.2,40.8085
144.3,40.8225
144.4,40.8365
144.5,40.8505
144.6,40.8645
144.7,40.8784
144.8,40.8924
144.9,40.9064
145,40.9204
145.1,40.9343
145.2,40.9483
145.3,40.9622
145.4,40.9762
145.5,40.9901
145.6,41.0041
145.7,41.018
145.8,41.032
145.9,41.0459
146,41.0598
146.1,41.0737
146.2,41.0876
146.3,41.1015
146.4,41.1154
146.5,41.1293
146.6,41.1432
146.7,41.1571
146.8,41.171
146.9,41.1849
147,41.1988
147.1,41.2126
147.2,41.2265
147.3,41.2404
147.4,41.2542
147.5,41.2681
147.6,41.2819
147.7,41.2958
147.8,41.3096
147.9,41.3234
148,41.3373
148.1,41.3511
148.2,41.3649
148.3,41.3787
148.4,41.3925
148.5,41.4063
148.6,41.4201
148.7,41.4339
148.8,41.4477
148.9,41.4615
149,41.4753
149.1,41.4891
149.2,41.5028
149.3,41.5166
149.4,41.5304
149.5,41.5441
149.6,41.5579
149.7,41.5716
149.8,41.5854
149.9,41.5991
150,41.6128
150.1,41.6266
150.2,41.6403
150.3,41.654
150.4,41.6677
150.5,41.6815
150.6,41.6952
150.7,41.7089
150.8,41.7226
150.9,41.7363
151,41.75
151.1,41.7637
151.2,41.7773
151.3,41.791
151.4,41.8047
151.5,41.8184
151.6,41.832
151.7,41.8457
151.8,41.8593
151.9,41.873
152,41.8866
152.1,41.9003
152.2,41.9139
152.3,41.9275
152.4,41.9412
152.5,41.9548
152.6,41.9684
152.7,41.982
152.8,41.9956
152.9,42.0093
153,42.0229
153.1,42.0365
153.2,42.05
153.3,42.0636
153.4,42.0772
153.5,42.0908
153.6,42.1044
153.7,42.118
153.8,42.1315
153.9,42.1451
154,42.1586
154.1,42.1722
154.2,42.1857
154.3,42.1993
154.4,42.2128
154.5,42.2264
154.6,42.2399
154.7,42.2534
154.8,42.267
154.9,42.2805
155,42.294
155.1,42.3075
155.2,42.321
155.3,42.3345
155.4,42.348
155.5,42.3615
155.6,42.375
155.7,42.3885
155.8,42.402
155.9,42.4154
156,42.4289
156.1,42.4424
156.2,42.4558
156.3,42.4693
156.4,42.4827
156.5,42.4962
156.6,42.5096
156.7,42.5231
156.8,42.5365
156.9,42.55
157,42.5634
157.1,42.5768
157.2,42.5902
157.3,42.6037
157.4,42.6171
157.5,42.6305
157.6,42.6439
157.7,42.6573
157.8,42.6707
157.9,42.6841
158,42.6975
158.1,42.7108
158.2,42.7242
158.3,42.7376
158.4,42.751
158.5,42.7643
158.6,42.7777
158.7,42.791
158.8,42.8044
158.9,42.8178
159,42.8311
159.1,42.8444
159.2,42.8578
159.3,42.8711
159.4,42.8844
159.5,42.8978
159.6,42.9111
159.7,42.9244
159.8,42.9377
159.9,42.951
160,42.9643
160.1,42.9776
160.2,42.9909
160.3,43.0042
160.4,43.0175
160.5,43.0308
160.6,43.0441
160.7,43.0573
160.8,43.0706
160.9,43.0839
161,43.0971
161.1,43.1104
161.2,43.1237
161.3,43.1369
161.4,43.1502
161.5,43.1634
161.6,43.1766
161.7,43.1899
161.8,43.2031
161.9,43.2163
162,43.2295
162.1,43.2428
162.2,43.256
162.3,43.2692
162.4,43.2824
162.5,43.2956
162.6,43.3088
162.7,43.322
162.8,43.3352
162.9,43.3484
163,43.3616
163.1,43.3747
163.2,43.3879
163.3,43.4011
163.4,43.4142
163.5,43.4274
163.6,43.4406
163.7,43.4537
163.8,43.4669
163.9,43.48
164,43.4932
164.1,43.5063
164.2,43.5194
164.3,43.5326
164.4,43.5457
164.5,43.5588
164.6,43.5719
164.7,43.585
164.8,43.5982
164.9,43.6113
165,43.6244
165.1,43.6375
165.2,43.6506
165.3,43.6636
165.4,43.6767
165.5,43.6898
165.6,43.7029
165.7,43.716
165.8,43.729
165.9,43.7421
166,43.7552
166.1,43.7682
166.2,43.7813
166.3,43.7943
166.4,43.8074
166.5,43.8204
166.6,43.8335
166.7,43.8465
166.8,43.8595
166.9,43.8726
167,43.8856
167.1,43.8986
167.2,43.9116
167.3,43.9246
167.4,43.9377
167.5,43.9507
167.6,43.9637
167.7,43.9767
167.8,43.9897
167.9,44.0026
168,44.0156
168.1,44.0286
168.2,44.0416
168.3,44.0546
168.4,44.0675
168.5,44.0805
168.6,44.0935
168.7,44.1064
168.8,44.1194
168.9,44.1323
169,44.1453
169.1,44.1582
169.2,44.1712
169.3,44.1841
169.4,44.197
169.5,44.21
169.6,44.2229
169.7,44.2358
169.8,44.2487
169.9,44.2616
170,44.2746
170.1,44.2875
170.2,44.3004
170.3,44.3133
170.4,44.3262
170.5,44.339
170.6,44.3519
170.7,44.3648
170.8,44.3777
170.9,44.3906
171,44.4034
171.1,44.4163
171.2,44.4292
171.3,44.442
171.4,44.4549
171.5,44.4678
171.6,44.4806
171.7,44.4935
171.8,44.5063
171.9,44.5191
172,44.532
172.1,44.5448
172.2,44.5576
172.3,44.5705
172.4,44.5833
172.5,44.5961
172.6,44.6089
172.7,44.6217
172.8,44.6345
172.9,44.6473
173,44.6601
173.1,44.6729
173.2,44.6857
173.3,44.6985
173.4,44.7113
173.5,44.7241
173.6,44.7368
173.7,44.7496
173.8,44.7624
173.9,44.7751
174,44.7879
174.1,44.8007
174.2,44.8134
174.3,44.8262
174.4,44.8389
174.5,44.8517
174.6,44.8644
174.7,44.8771
174.8,44.8899
174.9,44.9026
175,44.9153
175.1,44.9281
175.2,44.9408
175.3,44.9535
175.4,44.9662
175.5,44.9789
175.6,44.9916
175.7,45.0043
175.8,45.017
175.9,45.0297
176,45.0424
176.1,45.0551
176.2,45.0678
176.3,45.0804
176.4,45.0931
176.5,45.1058
176.6,45.1185
176.7,45.1311
176.8,45.1438
176.9,45.1564
177,45.1691
177.1,45.1817
177.2,45.1944
177.3,45.207
177.4,45.2197
177.5,45.2323
177.6,45.245
177.7,45.2576
177.8,45.2702
177.9,45.2828
178,45.2954
178.1,45.3081
178.2,45.3207
178.3,45.3333
178.4,45.3459
178.5,45.3585
178.6,45.3711
178.7,45.3837
178.8,45.3963
178.9,45.4089
179,45.4214
179.1,45.434
179.2,45.4466
179.3,45.4592
179.4,45.4717
179.5,45.4843
179.6,45.4969
179.7,45.5094
179.8,45.522
179.9,45.5345
180,45.5471
180.1,45.5596
180.2,45.5722
180.3,45.5847
180.4,45.5973
180.5,45.6098
180.6,45.6223
180.7,45.6348
180.8,45.6474
180.9,45.6599
181,45.6724
181.1,45.6849
181.2,45.6974
181.3,45.7099
181.4,45.7224
181.5,45.7349
181.6,45.7474
181.7,45.7599
181.8,45.7724
181.9,45.7849
182,45.7974
182.1,45.8098
182.2,45.8223
182.3,45.8348
182.4,45.8472
182.5,45.8597
182.6,45.8722
182.7,45.8846
182.8,45.8971
182.9,45.9095
183,45.922
183.1,45.9344
183.2,45.9469
183.3,45.9593
183.4,45.9717
183.5,45.9842
183.6,45.9966
183.7,46.009
183.8,46.0214
183.9,46.0339
184,46.0463
184.1,46.0587
184.2,46.0711
184.3,46.0835
184.4,46.0959
184.5,46.1083
184.6,46.1207
184.7,46.1331
184.8,46.1455
184.9,46.1578
185,46.1702
185.1,46.1826
185.2,46.195
185.3,46.2073
185.4,46.2197
185.5,46.2321
185.6,46.2444
185.7,46.2568
185.8,46.2691
185.9,46.2815
186,46.2938
186.1,46.3062
186.2,46.3185
186.3,46.3309
186.4,46.3432
186.5,46.3555
186.6,46.3678
186.7,46.3802
186.8,46.3925
186.9,46.4048
187,46.4171
187.1,46.4294
187.2,46.4417
187.3,46.454
187.4,46.4663
187.5,46.4786
187.6,46.4909
187.7,46.5032
187.8,46.5155
187.9,46.5278
188,46.5401
188.1,46.5524
188.2,46.5646
188.3,46.5769
188.4,46.5892
188.5,46.6014
188.6,46.6137
188.7,46.626
188.8,46.6382
188.9,46.6505
189,46.6627
189.1,46.675
189.2,46.6872
189.3,46.6994
189.4,46.7117
189.5,46.7239
189.6,46.7361
189.7,46.7484
189.8,46.7606
189.9,46.7728
190,46.785
190.1,46.7972
190.2,46.8095
190.3,46.8217
190.4,46.8339
190.5,46.8461
190.6,46.8583
190.7,46.8705
190.8,46.8827
190.9,46.8948
191,46.907
191.1,46.9192
191.2,46.9314
191.3,46.9436
191.4,46.9557
191.5,46.9679
191.6,46.9801
191.7,46.9922
191.8,47.0044
191.9,47.0166
192,47.0287
192.1,47.0409
192.2,47.053
192.3,47.0651
192.4,47.0773
192.5,47.0894
192.6,47.1016
192.7,47.1137
192.8,47.1258
192.9,47.1379
193,47.1501
193.1,47.1622
193.2,47.1743
193.3,47.1864
193.4,47.1985
193.5,47.2106
193.6,47.2227
193.7,47.2348
193.8,47.2469
193.9,47.259
194,47.2711
194.1,47.2832
194.2,47.2953
194.3,47.3074
194.4,47.3195
194.5,47.3315
194.6,47.3436
194.7,47.3557
194.8,47.3677
194.9,47.3798
195,47.3919
195.1,47.4039
195.2,47.416
195.3,47.428
195.4,47.4401
195.5,47.4521
195.6,47.4642
195.7,47.4762
195.8,47.4882
195.9,47.5003
196,47.5123
196.1,47.5243
196.2,47.5364
196.3,47.5484
196.4,47.5604
196.5,47.5724
196.6,47.5844
196.7,47.5964
196.8,47.6084
196.9,47.6204
197,47.6324
197.1,47.6444
197.2,47.6564
197.3,47.6684
197.4,47.6804
197.5,47.6924
197.6,47.7044
197.7,47.7164
197.8,47.7283
197.9,47.7403
198,47.7523
198.1,47.7642
198.2,47.7762
198.3,47.7882
198.4,47.8001
198.5,47.8121
198.6,47.824
198.7,47.836
198.8,47.8479
198.9,47.8599
199,47.8718
199.1,47.8837
199.2,47.8957
199.3,47.9076
199.4,47.9195
199.5,47.9315
199.6,47.9434
199.7,47.9553
199.8,47.9672
199.9,47.9791
